	int a_0[25][25] = {
		{470,327,379,271,186,306,166,240,34,405,212,166,400,168,286,498,270,425,49,485,29,390,47,176,385},
		{79,259,464,47,367,400,202,381,413,253,4,63,222,491,298,340,50,189,150,232,321,314,255,495,497},
		{30,475,376,89,20,76,99,276,125,127,456,5,409,40,333,40,444,27,256,448,335,82,256,116,499},
		{17,155,99,286,400,208,133,102,103,15,166,344,151,199,328,59,266,496,76,427,143,324,111,348,265},
		{349,140,329,13,420,214,42,27,79,312,237,87,316,377,325,123,399,261,408,153,20,309,187,368,147},
		{292,193,441,498,125,292,407,38,23,83,236,416,182,359,13,1,187,497,498,173,409,305,138,300,75},
		{273,116,185,251,481,58,329,122,173,50,309,114,441,269,278,498,455,218,132,376,213,229,156,315,466},
		{454,203,417,466,118,397,392,51,377,368,84,23,12,100,8,311,188,270,123,284,500,13,198,452,322},
		{473,66,24,106,417,65,270,247,476,420,1,271,266,177,9,160,25,244,487,185,245,328,335,300,128},
		{132,282,141,462,331,395,239,1,130,69,310,465,154,129,418,286,52,498,225,162,109,281,460,337,280},
		{40,328,187,477,135,146,341,248,333,465,476,499,490,282,395,292,255,350,82,320,54,22,83,232,142},
		{24,494,74,429,441,136,316,107,229,319,306,136,123,197,163,416,11,121,98,100,466,165,334,159,428},
		{431,220,314,319,37,26,310,23,114,233,182,372,114,259,354,281,375,491,70,132,402,167,141,349,153},
		{299,341,176,335,321,267,363,368,142,386,246,71,394,468,114,57,324,177,276,379,156,350,474,412,468},
		{394,272,440,240,416,127,14,365,195,329,117,398,366,331,365,42,271,328,326,69,60,272,391,359,130},
		{229,21,199,420,344,409,433,305,96,372,122,175,71,148,328,245,396,135,386,431,40,152,11,46,276},
		{135,436,497,370,279,495,5,227,360,277,484,366,404,287,444,403,196,164,101,334,397,246,309,276,123},
		{311,209,340,409,377,218,292,84,272,213,346,41,422,263,85,140,290,282,99,103,386,249,260,74,432},
		{393,50,339,86,202,327,138,118,302,265,118,313,206,369,75,463,24,258,450,93,468,335,160,95,82},
		{332,1,424,58,480,464,394,239,344,227,141,146,243,428,93,333,173,52,41,62,215,127,379,204,466},
		{176,396,155,143,115,252,314,52,10,239,148,167,370,160,332,342,326,69,122,490,52,431,392,213,152},
		{332,348,469,208,43,388,232,46,273,20,204,28,44,12,373,94,49,190,3,21,242,402,462,340,469},
		{175,352,414,278,194,115,11,275,213,412,21,153,38,78,65,156,63,305,169,160,116,326,332,379,418},
		{262,195,97,446,392,316,377,85,68,14,50,360,33,367,149,241,267,131,158,76,79,321,131,480,460},
		{220,471,108,184,377,131,47,486,485,265,381,434,263,42,12,157,254,302,127,312,227,85,244,408,160}
	};
	int b_0[25][25] = {
		{189,98,436,201,162,324,56,6,457,342,55,363,217,147,93,293,233,324,408,318,48,86,157,305,487},
		{353,354,26,253,13,206,297,89,228,218,263,340,359,11,60,440,289,396,192,334,192,46,422,432,467},
		{58,200,228,465,284,417,277,303,153,395,421,476,451,100,238,10,39,230,18,183,225,79,462,108,215},
		{450,431,13,62,188,109,185,219,407,168,355,491,486,100,478,445,114,134,363,157,302,293,77,364,9},
		{337,394,137,474,299,327,222,347,307,379,439,427,323,273,33,462,451,314,176,183,455,462,38,473,285},
		{368,25,45,71,185,447,493,87,4,500,168,416,115,397,366,73,176,144,28,241,45,303,403,91,438},
		{85,309,289,355,417,111,150,369,11,462,130,303,270,270,379,249,433,115,118,92,443,318,144,359,421},
		{94,364,349,461,453,487,143,6,62,70,494,12,283,459,215,353,2,108,352,94,276,101,82,139,81},
		{68,101,287,278,143,481,418,474,492,21,481,322,112,324,47,8,60,452,449,70,158,49,175,217,494},
		{394,79,117,421,15,315,183,3,193,47,193,400,245,213,23,126,323,21,210,401,440,91,33,285,118},
		{186,120,120,247,74,469,447,52,98,331,362,161,90,302,463,259,440,311,146,58,179,312,177,389,306},
		{184,76,37,16,330,293,11,287,329,500,224,239,334,234,404,221,436,112,189,477,80,128,254,403,339},
		{319,261,93,212,311,111,229,438,397,489,291,89,19,392,419,244,312,171,24,435,310,259,331,366,487},
		{355,182,276,79,87,414,67,244,268,34,415,486,310,94,370,202,421,264,495,46,168,124,458,463,373},
		{1,429,260,111,21,53,257,137,178,499,292,101,320,329,91,99,460,204,129,383,99,424,463,386,299},
		{100,238,136,112,43,264,155,405,258,295,368,255,449,79,88,156,393,3,296,394,277,426,421,162,251},
		{333,347,313,81,241,251,158,398,81,152,132,122,135,494,8,342,206,43,343,275,121,400,100,145,278},
		{97,447,421,427,468,399,130,479,160,445,490,486,5,11,280,319,231,413,110,474,19,295,308,178,44},
		{127,123,48,154,483,54,9,463,293,194,198,432,306,173,222,76,342,70,214,409,240,431,407,116,186},
		{248,363,350,64,271,276,355,28,189,288,185,450,313,354,203,297,425,19,184,485,426,449,423,314,197},
		{165,322,92,278,351,471,117,391,1,112,307,458,61,207,238,51,251,407,81,236,198,371,55,131,188},
		{107,25,289,245,391,164,227,23,374,8,391,408,42,128,160,178,53,6,313,17,260,471,415,264,317},
		{354,216,68,119,500,370,247,381,259,205,203,447,440,299,248,362,154,110,278,294,100,37,127,273,101},
		{105,74,354,47,297,27,488,25,374,238,219,204,378,491,419,296,33,152,87,221,208,320,60,460,218},
		{493,123,422,123,473,247,498,299,350,178,52,24,98,108,18,262,250,457,116,408,225,375,372,60,333}
	};
	int c_0[25][25] = {
		{1558413,1579052,1567609,1477032,1616600,1861418,1620068,1398061,1640689,1913874,1874975,2092492,1630846,1487298,1383586,1637296,1795024,1255511,1381358,2014173,1538113,1873383,1938334,1816817,1894416},
		{1483204,1459771,1544233,1533733,1794779,2009746,1793528,1601002,1623989,1646021,2049988,2143811,1710221,1630165,1396974,1431242,1604186,1466146,1388244,1695215,1539017,1770520,1869304,1789257,1932335},
		{1304495,1365074,1133141,1142162,1428290,1517630,1488255,1266339,1130742,1394555,1429264,1450305,1250323,1418165,1103407,1283716,1431665,1172084,976149,1561391,1228060,1495231,1510734,1381861,1529553},
		{1173715,1343494,1196696,1030872,1470594,1386165,1296605,1237052,1252824,1512668,1552036,1674851,1225914,1279790,1234320,1370374,1423761,1068391,1016171,1479348,1124234,1628556,1382286,1550699,1353530},
		{1263983,1196982,1249285,1216147,1411567,1489188,1287213,1313853,1421619,1530369,1573144,1821463,1355613,1391222,1162662,1295082,1530425,1072410,1179275,1549223,1204013,1591255,1525935,1626084,1618124},
		{1335142,1395049,1205281,1303536,1815907,1687412,1225225,1590461,1414297,1739665,1757947,2288730,1524117,1285127,1739586,1417671,1575455,1246882,1220338,1612311,1274116,1665740,1598969,1706479,1609106},
		{1495623,1615734,1502393,1319964,1699857,1711104,1574203,1698931,1617092,1797075,1813508,1882102,1570122,1607980,1372921,1646363,1854982,1305765,1369227,1778485,1553559,2015564,1662991,1846414,1874770},
		{1411283,1355762,1341683,1333447,1550901,1809217,1555904,1464983,1424581,1555909,1612214,2171280,1584871,1387661,1357046,1343417,1402944,1343311,1252055,1620423,1367461,1554694,1370919,1542370,1640038},
		{1212437,1147211,1231673,1355748,1671443,1604574,1153668,1455339,1610418,1342426,1622994,1960408,1368689,1371850,1167200,1303074,1445621,1128382,1364651,1546779,1354345,1435906,1241220,1607128,1600180},
		{1439763,1484765,1186279,1198842,1709150,1670389,1552747,1575072,1573475,1945717,1816391,2102023,1659664,1406047,1598345,1590867,1734736,1294975,1225283,1810012,1252372,1783451,1692803,1862574,1676103},
		{1516232,1640758,1278467,1395756,1484414,1821287,1564564,1577992,1584530,1912908,1984400,1960258,1683982,1641018,1675907,1614378,1933832,1281821,1384289,1885309,1538557,1683151,1674427,2042527,1840581},
		{1479102,1419940,994785,1296940,1409460,1651080,1434751,1455501,1368315,1405150,1687362,1897028,1524964,1188544,1222723,1461090,1626140,1318368,1205075,1491302,1430984,1569891,1351986,1675660,1563299},
		{1190364,1430314,1337749,1208134,1453587,1601774,1196865,1452953,1370610,1641169,1625818,1913877,1462999,1264154,1348643,1365178,1562350,1240253,1242277,1666242,1138073,1540321,1441680,1662845,1566101},
		{1886997,1651593,1607214,1553059,2034380,2009930,1799298,1608716,1791530,1760861,1974589,2317282,1819081,1834510,1669160,1903815,1854535,1416900,1618918,1890571,1741415,1914430,1793309,2105657,2024324},
		{1462910,1501858,1381035,1503211,1767415,1837330,1401246,1541395,1735552,1771285,1967772,2105173,1740547,1596684,1448739,1616169,1619062,1313526,1452515,1812576,1362022,1564014,1649271,1930042,1775111},
		{1359685,1410883,1237852,1225686,1493597,1532573,1289957,1306698,1241523,1598719,1519994,1834016,1511243,1466009,1212541,1360165,1636071,921333,1248341,1596341,1446395,1753167,1468472,1504356,1520882},
		{1702853,1732391,1354251,1568485,1701124,2284736,1938541,1721994,1761774,2098589,2315195,2437065,1945700,1849473,1787567,1670859,1982572,1545737,1515154,2021287,1603468,1952908,2061875,2148349,2148013},
		{1557861,1461802,1281973,1443778,1649328,1840253,1498995,1633724,1501703,1608839,1779082,2017327,1372981,1378988,1386607,1495443,1582571,1441616,1284585,1547130,1400914,1652017,1483877,1671273,1771433},
		{1142429,1110625,1110666,1272774,1496824,1767324,1116071,1519130,1401853,1465022,1710563,2057580,1363826,1185632,1274303,1055369,1507336,1141763,1266791,1533736,1192442,1500125,1569507,1436781,1634522},
		{1448655,1230820,1334757,1388954,1625596,1924711,1521151,1558746,1428686,1628786,1696040,1918987,1509959,1496938,1286525,1323442,1549643,1303778,1290562,1454726,1367608,1512047,1498391,1588028,1846665},
		{1314956,1300976,1130382,1034635,1382312,1377577,1366765,1202140,1314661,1559348,1438228,1754715,1454802,1394870,1207099,1385765,1570098,860386,1145112,1623437,1314271,1599311,1616079,1641315,1640767},
		{1139067,1086606,1184221,1115926,1426915,1499022,1536218,1155771,1287123,1442346,1422760,1692704,1297524,1170781,1134108,1156814,1105871,1258527,993069,1300454,966987,1319181,1458046,1356099,1557233},
		{1234399,1118259,1145319,1236441,1453938,1485404,1322122,1124395,1368157,1181588,1516649,1737859,1399279,1098053,1020375,1265542,1084854,1084284,1096991,1436948,1168720,1235493,1302840,1354182,1266395},
		{1375315,1206220,1216000,980542,1517320,1373666,1323978,1291365,1449064,1490556,1459467,1753407,1493532,1277627,1319952,1458279,1442920,1095616,1234249,1388413,1218266,1620463,1385810,1643612,1601856},
		{1386501,1429667,1264357,1420054,1601147,1907304,1533955,1399463,1543328,1552896,1869779,1837413,1499865,1620661,1346432,1615102,1516133,1358632,1353563,1677080,1354833,1457883,1325169,1792887,1702738}
	};
	int a_1[25][25] = {
		{18,396,301,77,28,459,327,366,153,473,15,75,245,37,4,444,363,457,254,260,67,169,407,143,473},
		{110,316,147,151,132,109,362,230,470,275,188,23,71,382,461,196,430,338,182,372,107,293,488,330,72},
		{253,487,317,439,312,103,37,152,194,67,248,295,334,239,414,437,180,266,87,114,343,470,172,17,58},
		{226,131,240,226,326,147,74,251,161,163,411,44,279,166,64,229,269,467,302,139,304,289,459,261,333},
		{186,10,173,143,187,254,217,331,369,156,257,247,279,35,387,187,482,494,458,180,426,284,41,1,272},
		{167,472,346,389,81,421,306,316,403,423,174,58,440,277,267,38,241,280,322,168,412,109,99,369,83},
		{87,227,237,86,394,310,64,117,186,448,278,458,36,34,299,4,240,360,377,130,130,448,258,367,149},
		{325,166,282,399,378,431,342,413,186,96,142,347,131,307,111,256,333,81,302,458,42,253,136,250,474},
		{45,300,237,146,16,219,459,303,281,415,164,4,117,313,363,150,24,139,55,462,12,18,469,399,45},
		{467,272,489,442,70,349,345,91,6,288,458,414,498,292,350,104,462,475,253,402,155,364,201,14,363},
		{427,171,356,321,92,64,32,26,409,385,478,254,160,280,408,145,338,351,238,124,25,488,389,80,194},
		{404,30,13,56,132,346,93,144,201,87,415,116,2,336,156,179,465,280,328,175,219,400,208,45,259},
		{137,295,435,455,259,100,343,154,482,198,266,15,279,469,268,294,441,454,1,285,410,390,115,445,273},
		{471,247,173,205,381,76,185,228,247,453,283,457,192,140,265,311,456,422,435,199,310,352,343,474,57},
		{208,285,437,100,57,11,92,410,74,350,298,238,108,484,420,214,443,472,203,233,99,6,234,321,57},
		{208,464,27,280,378,40,437,25,86,448,256,174,235,222,108,252,143,428,282,178,482,4,452,490,21},
		{438,468,469,266,29,149,300,409,87,252,405,70,275,101,1,2,496,78,361,396,275,186,258,199,172},
		{189,481,434,114,115,346,250,156,11,62,74,350,243,310,250,355,79,217,396,232,103,192,1,418,171},
		{20,267,93,138,163,435,28,271,93,136,383,123,498,123,80,156,285,179,84,234,303,387,356,463,216},
		{349,284,282,435,54,142,42,125,304,212,78,500,405,309,200,449,226,287,227,140,242,169,97,13,274},
		{396,401,129,179,293,405,199,214,152,313,31,396,201,491,274,306,348,318,374,147,30,339,216,489,116},
		{343,379,250,127,12,204,486,403,17,24,302,342,144,134,291,386,288,24,104,164,244,138,15,410,48},
		{499,289,153,82,423,340,448,332,338,89,41,455,15,35,260,348,243,373,130,135,41,142,110,58,471},
		{200,2,180,228,495,322,430,480,312,159,340,34,413,490,93,46,155,221,232,460,39,481,5,136,333},
		{76,340,287,91,261,370,190,335,277,288,75,313,449,334,164,64,22,461,311,151,316,334,362,303,490}
	};
	int b_1[25][25] = {
		{248,121,163,386,377,460,273,292,199,211,32,235,338,225,313,48,17,203,129,405,93,482,18,49,34},
		{277,325,353,425,192,428,197,81,195,292,99,218,413,221,161,391,351,301,353,175,108,281,124,339,478},
		{130,313,299,459,499,409,416,197,25,121,24,458,241,253,134,307,177,486,333,86,479,113,104,467,284},
		{290,120,23,155,486,291,92,322,40,438,303,179,228,347,123,13,70,94,118,291,194,173,476,364,110},
		{95,262,339,130,64,354,36,39,147,146,434,279,248,425,30,324,98,289,453,24,317,240,453,36,18},
		{157,86,387,158,213,458,177,338,2,428,257,299,72,106,494,237,110,234,160,219,59,404,359,479,228},
		{363,20,493,175,454,95,454,118,122,224,402,75,408,29,410,316,432,124,151,110,355,299,403,13,339},
		{59,82,259,279,81,63,392,328,361,92,381,9,56,300,37,18,217,102,169,128,411,290,485,177,88},
		{163,203,186,231,28,208,173,483,210,342,347,400,228,243,116,234,116,23,398,110,89,315,116,133,454},
		{232,12,175,345,109,393,214,86,236,381,166,306,80,276,411,60,262,13,378,180,248,416,172,9,34},
		{211,444,358,332,197,19,412,198,101,18,329,181,31,294,94,371,477,82,227,468,341,262,27,499,204},
		{466,436,464,104,206,124,375,360,130,212,192,459,15,372,151,423,222,384,162,337,211,44,283,236,165},
		{268,462,205,139,89,220,161,131,283,173,44,393,443,108,482,117,88,159,298,108,202,17,461,66,335},
		{383,284,320,133,200,328,403,125,18,230,66,167,272,420,363,222,194,316,205,373,500,430,179,424,192},
		{293,43,279,315,17,5,64,244,322,398,233,5,25,113,50,45,256,2,345,340,213,413,409,167,487},
		{144,10,242,224,38,324,439,247,299,394,2,353,422,358,155,269,487,215,60,411,59,36,62,234,293},
		{1,449,485,67,406,464,187,410,282,319,357,299,69,408,316,412,337,212,163,148,280,427,254,171,430},
		{477,239,285,165,21,215,180,142,49,443,250,482,285,20,118,104,253,63,335,38,168,233,108,421,145},
		{365,217,292,419,222,99,490,83,271,229,490,406,132,100,92,132,174,390,446,363,285,80,59,331,390},
		{25,131,215,193,138,458,495,13,421,50,281,166,195,185,121,291,205,107,490,436,357,223,253,384,114},
		{78,37,146,143,292,295,107,213,438,489,219,191,13,403,245,342,337,12,399,430,111,61,196,413,69},
		{211,214,144,495,273,43,63,377,490,44,187,432,11,214,351,228,478,131,378,427,238,375,272,371,497},
		{29,314,285,134,279,79,83,435,153,259,492,240,82,123,308,260,121,399,486,438,185,219,369,124,7},
		{320,305,371,378,448,319,421,268,482,253,68,35,258,462,37,8,479,455,414,57,134,255,308,156,499},
		{138,137,71,165,220,79,287,413,29,21,313,192,292,372,199,64,161,256,34,331,469,424,416,449,329}
	};
	int c_1[25][25] = {
		{1189647,1158345,1672771,1448048,1265114,1587833,1651783,1455090,1187652,1554307,1482990,1671766,1284648,1361710,1443790,1239804,1516064,1259681,1629291,1387869,1460505,1586653,1546025,1593743,1523763},
		{1309011,1297967,1790678,1542569,1330920,1508684,1597621,1517500,1429638,1625990,1608707,1484294,1176988,1489944,1296741,1317712,1638946,1174979,1947415,1569366,1521207,1808670,1562816,1508368,1719349},
		{1342639,1326486,1551178,1546502,1265512,1502959,1357234,1429540,1311089,1586070,1248442,1675119,1207972,1573188,1213403,1359558,1516366,1147941,1695434,1652453,1347164,1439284,1487525,1669222,1560705},
		{1210366,1368251,1557465,1453534,1317340,1397398,1488323,1452916,1243497,1422261,1532521,1619503,1133643,1521180,1216118,1211884,1459144,1236936,1761967,1551354,1474166,1497463,1472050,1644654,1367851},
		{1302952,1239744,1648891,1422380,1199862,1355730,1517383,1511925,1355877,1591328,1627603,1700965,1004331,1429895,1242162,1268105,1474276,995222,1698737,1531069,1457840,1545552,1503443,1633594,1588239},
		{1511816,1361866,1803726,1705382,1538476,1805045,1703193,1491352,1419004,1860486,1514787,1671224,1347171,1612278,1506625,1295797,1580323,1250453,1972731,1492141,1540193,1729807,1699757,1741630,1769187},
		{1336600,1321685,1671017,1535040,1220690,1345194,1393252,1366656,1259572,1412273,1477500,1638762,840915,1443000,1128427,1233903,1469526,1245045,1834877,1398323,1353476,1531758,1421111,1494005,1478163},
		{1364037,1348518,1835808,1563048,1596251,1739669,1912707,1630901,1313308,1469080,1674968,1646229,1329446,1781607,1384206,1376985,1505884,1474140,1696166,1706210,1780021,1810660,1854956,1789117,1612769},
		{1095729,944212,1485456,1315087,1132053,1291416,1497846,1123755,1124348,1305253,1254109,1060108,1058760,1163610,1113138,997018,1320667,1016789,1618137,1255514,1312536,1452732,1390382,1203321,1288161},
		{1773868,1760616,2089934,1863679,1845650,1934296,2015413,1762963,1406741,1808227,1720062,2110905,1485791,1773393,1807822,1632956,1780185,1503355,2003326,2050530,1976139,2028111,1898915,2169965,1868715},
		{1416630,1454649,1614370,1682204,1388330,1440783,1500396,1627487,1233089,1517475,1462444,1789402,1070811,1526640,1331344,1275479,1492308,1191941,1808316,1755688,1520511,1782094,1362757,1659806,1602714},
		{1046601,1106989,1415853,1237608,1125353,1232723,1327467,1341190,1062701,1217360,1328728,1374322,808455,1297061,1174986,1129910,1282242,965239,1355833,1536315,1248694,1543335,1110667,1487228,1266457},
		{1563136,1552510,1920282,1762092,1723312,1919355,1832002,1737537,1565487,1887506,1599859,1848747,1541958,1970802,1507440,1529810,1915710,1352057,2074859,1713780,1814513,1942203,1821530,1994001,1982156},
		{1674883,1641164,2086009,1882724,1646810,1862021,1909684,1741821,1739196,1904272,1763633,2004278,1329960,1935728,1476128,1541376,1889280,1530976,2213621,1877791,1654079,1882914,1714656,1706892,1788402},
		{1348174,1351194,1744608,1495099,1269578,1516037,1707901,1297139,1216846,1491342,1277612,1440529,1086851,1528909,1104389,1188988,1513109,1244852,1677981,1424499,1579685,1593026,1327870,1557723,1446165},
		{1459035,1286385,1749856,1455236,1410733,1612966,1572113,1208265,1346300,1739414,1484945,1496100,1327837,1556900,1296012,1319830,1627806,1255481,1935050,1494595,1332858,1455024,1488475,1404613,1360241},
		{1174194,1417396,1711329,1662948,1657944,1682169,1778702,1398207,1358118,1353739,1491268,1522181,1191665,1532781,1353276,1360337,1507491,1304738,1752625,1591326,1615709,1620976,1445202,1650786,1507700},
		{1397766,1209221,1651854,1517243,1302094,1493456,1701195,1165514,1165820,1365667,1075745,1473216,1246447,1379852,1132671,1187177,1449300,1391284,1537436,1366928,1350767,1325209,1318149,1591987,1611916},
		{1068042,1348209,1525506,1332017,1223260,1359629,1349485,1382069,1328480,1299625,1287994,1399217,984268,1435767,1281153,1177683,1466104,1148736,1641187,1417162,1259868,1386038,1539224,1540168,1451519},
		{1399212,1272036,1477113,1372199,1246882,1532265,1524097,1456660,1129441,1578730,1172323,1729985,1255253,1538583,1278665,1214575,1298010,1177491,1470072,1580975,1332957,1370810,1382259,1579615,1443026},
		{1653824,1480588,1989730,1715401,1506220,1830177,1810355,1580233,1446958,1764672,1473218,1782604,1366076,1751298,1505141,1359543,1667097,1560727,1897468,1665516,1553660,1882486,1672197,1663459,1794000},
		{1195139,1083514,1642962,1389789,1348826,1329584,1637910,1247581,1252334,1288984,1093575,1147862,1089018,1395350,1077914,1189539,1551372,1121832,1299482,1362071,1247691,1341465,1314483,1319285,1472580},
		{1312289,1098890,1691976,1363304,1201550,1450170,1549429,1502726,1072903,1438848,1470458,1551538,1266317,1437038,1183878,1258068,1339587,1187483,1422411,1379743,1378356,1657293,1525370,1377911,1436787},
		{1325122,1305411,1678282,1509458,1309754,1486985,1737848,1383060,1303979,1241299,1626595,1561639,1277472,1562698,1413702,1244584,1456203,1150644,1756097,1524170,1821375,1784729,1792396,1660951,1528339},
		{1534929,1455066,1776528,1623808,1357151,1547095,1678591,1582122,1349242,1616837,1593435,1828567,1319870,1610931,1492781,1311932,1532252,1439466,1989491,1586564,1670818,1692389,1812345,1824224,1672780}
	};
	int a_2[25][25] = {
		{64,365,352,202,244,20,42,304,395,77,310,51,52,421,203,47,410,381,211,367,220,25,408,88,314},
		{221,296,48,240,252,290,167,405,230,122,100,359,316,323,387,382,288,267,389,359,434,57,420,185,335},
		{146,23,283,27,334,462,209,287,156,249,136,370,6,308,295,329,230,307,436,287,389,61,278,215,358},
		{336,192,268,417,305,254,238,106,74,48,315,387,84,352,365,421,95,457,101,453,492,62,2,358,317},
		{50,304,190,458,419,329,47,389,38,342,487,392,489,96,182,137,258,219,307,293,290,202,299,362,489},
		{201,108,272,192,193,113,218,314,322,98,289,154,228,274,350,394,70,335,393,111,284,428,325,419,328},
		{6,225,100,459,234,222,485,80,314,382,195,321,374,475,373,499,291,367,387,81,494,22,415,471,265},
		{428,18,349,175,256,480,440,137,363,207,220,288,473,68,107,6,137,96,229,232,354,471,80,156,296},
		{43,1,185,141,168,278,335,30,380,418,275,166,289,245,251,96,354,242,210,55,30,379,147,105,321},
		{314,272,269,86,337,312,490,211,186,469,218,140,420,252,453,349,413,216,197,180,61,310,475,330,118},
		{320,187,224,287,480,386,326,19,301,19,232,370,355,84,159,274,350,227,417,30,484,355,300,27,264},
		{142,75,356,191,12,26,320,44,435,304,145,91,107,487,477,124,500,483,486,439,198,313,496,9,2},
		{212,395,195,295,465,459,6,289,263,118,181,172,51,428,362,355,340,304,465,395,207,211,316,299,255},
		{274,428,338,406,381,362,43,38,140,373,204,424,353,250,149,289,444,125,288,466,21,148,50,215,134},
		{345,172,104,346,491,215,75,130,372,156,64,253,474,92,68,361,392,90,137,452,100,268,118,209,138},
		{411,115,421,127,37,134,496,133,490,175,463,2,244,54,233,305,346,31,249,60,302,3,26,6,181},
		{365,408,212,446,9,223,286,352,229,209,253,45,489,134,225,369,423,193,73,434,245,88,250,476,148},
		{347,218,215,198,206,135,281,375,129,118,82,306,127,419,258,424,188,221,29,25,247,371,358,418,319},
		{283,253,33,224,149,193,161,252,222,398,371,475,351,271,261,242,372,229,104,66,167,484,262,264,308},
		{64,321,83,475,302,344,64,205,37,281,205,103,134,77,92,152,491,130,77,366,109,259,442,443,429},
		{10,54,89,71,324,240,263,169,261,102,332,322,66,127,468,164,294,309,42,203,473,285,443,229,81},
		{296,25,380,289,333,207,458,199,439,237,387,333,98,369,44,367,169,129,148,298,401,90,60,450,395},
		{382,17,400,54,370,404,337,299,87,175,121,133,440,340,425,208,481,191,191,268,10,423,310,492,393},
		{438,303,211,51,149,188,166,208,338,167,460,230,196,175,244,184,437,302,94,308,484,191,335,287,369},
		{453,397,198,99,439,190,93,480,76,187,368,27,340,435,368,488,88,111,40,330,158,66,274,354,368}
	};
	int b_2[25][25] = {
		{74,244,264,240,104,207,268,253,221,161,375,286,301,351,352,273,209,234,105,239,21,355,111,189,356},
		{264,489,278,272,447,22,347,409,275,26,320,83,272,87,178,339,212,498,465,316,340,461,357,68,140},
		{402,460,50,349,261,367,24,110,492,314,268,323,108,195,212,29,391,488,79,344,152,14,432,296,197},
		{267,388,64,222,112,75,302,295,102,209,297,94,315,40,186,264,90,243,170,146,370,68,50,213,3},
		{425,279,450,17,176,230,281,254,237,475,401,45,18,83,133,287,409,362,171,429,381,6,420,285,12},
		{77,366,111,132,204,115,229,365,439,99,320,457,466,333,248,7,271,404,206,6,262,117,480,48,99},
		{289,158,319,434,60,35,41,399,375,180,292,12,252,494,447,470,94,435,285,145,92,374,347,112,68},
		{77,436,492,386,422,399,354,3,454,261,134,476,275,475,250,412,200,444,277,436,182,17,132,438,44},
		{119,225,337,481,455,149,102,361,3,396,463,306,376,19,191,499,30,480,216,87,465,16,215,73,418},
		{103,186,173,124,1,197,258,251,147,420,205,266,489,34,283,427,454,119,143,281,142,44,294,382,494},
		{371,465,440,212,276,354,40,267,404,209,465,483,459,266,362,116,24,136,96,244,191,194,47,213,234},
		{188,184,494,496,318,429,440,369,401,461,175,355,319,277,333,429,333,345,108,420,9,275,218,217,184},
		{284,474,248,349,159,351,412,327,457,177,437,307,295,26,235,127,262,297,179,418,245,121,411,80,83},
		{317,399,244,123,278,218,287,442,329,142,56,87,152,127,50,119,250,430,400,479,125,64,1,46,356},
		{245,281,176,314,264,416,451,456,223,22,366,311,318,417,296,273,270,377,451,92,280,136,491,399,284},
		{408,374,407,97,101,469,277,111,158,254,118,23,130,461,325,254,136,194,121,382,449,106,225,29,174},
		{233,238,465,486,156,75,377,58,208,413,304,158,336,263,152,37,254,106,354,138,112,84,240,444,375},
		{314,352,8,434,20,56,47,256,104,71,416,191,180,390,170,115,3,347,399,277,195,36,9,53,387},
		{181,23,83,386,74,247,99,374,365,319,212,237,475,150,30,313,315,322,269,498,128,51,379,406,477},
		{456,185,81,53,181,333,161,248,351,160,120,459,72,73,151,184,181,37,476,400,461,260,189,47,73},
		{22,379,460,303,308,61,326,178,436,259,225,496,218,391,177,231,491,158,24,4,90,316,430,77,281},
		{164,256,483,362,394,164,411,435,230,353,425,315,178,185,441,67,384,494,149,219,470,170,77,242,464},
		{222,277,215,403,172,161,271,410,250,62,100,175,10,415,275,282,427,372,43,224,56,440,95,315,341},
		{487,463,103,231,192,309,134,389,192,265,176,390,313,408,331,229,37,56,61,200,82,50,213,6,17},
		{131,439,149,198,196,214,149,89,463,278,278,287,92,159,384,172,467,178,293,277,183,303,141,247,159}
	};
	int c_2[25][25] = {
		{1438203,1858778,1400170,1641628,1307211,1172972,1241154,1485854,1598528,1263898,1505876,1441447,1268725,1251502,1167658,1266049,1347744,1724797,1439691,1554053,1244156,891197,1181111,1168466,1362673},
		{1605257,2176584,1841106,1964051,1480051,1600299,1814022,1924159,2065810,1548897,1756085,1825814,1695687,1783636,1592321,1710528,1770963,2041515,1620489,1895474,1472178,1205265,1698188,1357482,1525779},
		{1459606,1875057,1583506,1698049,1242491,1473077,1435199,1675378,1933269,1533538,1548276,1719301,1547180,1684670,1452843,1454988,1691391,1828798,1369966,1687994,1227279,946418,1608012,1273712,1453874},
		{1748549,2183784,1614723,1655521,1316348,1534390,1521714,1798845,1922380,1453257,1751536,1754133,1549358,1721173,1594858,1464552,1483482,1786663,1479190,1711193,1434401,1088257,1515357,1035141,1276878},
		{1757775,2410000,1856695,1911445,1498899,1678786,1792685,1919127,2229327,1756833,1977165,2025256,1860332,1587123,1741878,1612291,1856993,1964162,1486881,1987306,1533691,1124617,1709275,1490035,1388695},
		{1603455,2093900,1682569,1885946,1407779,1551858,1493568,1860098,1843341,1514699,1779727,1724603,1580506,1712765,1646230,1520218,1544000,1995922,1337944,1740655,1432857,974305,1451231,1251914,1546328},
		{1907361,2407859,1908220,2168065,1438183,1626109,1825441,2261756,2089844,1760155,1962033,1770477,1974109,1933227,1800884,1919402,1807525,2183532,1630163,1941024,1544229,1200550,1865756,1357565,1715898},
		{1318595,1870803,1645251,1790785,1309642,1311550,1432690,1767482,1940085,1566410,1883985,1798117,1645285,1405140,1632766,1389840,1607760,1910096,1174913,1484649,1316454,1026763,1617955,1137027,1373779},
		{1199501,1551350,1351602,1551740,1032548,1092596,1195700,1530365,1440892,1352758,1577483,1318062,1448189,1130995,1341102,1174436,1300182,1599343,1162590,1283905,1155034,710232,1234672,1102305,1383201},
		{1797020,2208827,1876379,2022051,1381969,1612636,1780686,2106931,2004510,1636255,1984151,1717270,1824787,1840164,1843807,1698217,1779343,2178390,1574962,1866958,1502348,1174348,1826010,1483443,1673711},
		{1465913,1979225,1878173,1953797,1359290,1327719,1628399,1867110,1944364,1658953,1965857,1631882,1651470,1583009,1594503,1493441,1748663,2050805,1276119,1626030,1411733,1137432,1720166,1284572,1527497},
		{1560348,1734847,1470486,2001631,1240644,1303162,1429404,1911330,1647707,1417683,1690128,1535339,1572259,1495113,1371518,1449009,1524552,1970082,1609706,1648212,1360961,955509,1406444,1374501,1888915},
		{1787995,2242179,1762626,1841492,1536948,1584089,1741612,2025869,1991796,1620230,1867627,1803971,1745558,1685587,1544524,1585846,1746228,2149123,1721212,1951392,1675689,1054490,1705778,1393694,1602867},
		{1692511,2002664,1584680,1635957,1280729,1486266,1634319,1793751,1831761,1619253,1756056,1600897,1704217,1238472,1442897,1415823,1583666,1802139,1483748,1850500,1496004,955517,1623318,1240737,1352562},
		{1464129,1747409,1577215,1489475,1169951,1314805,1501505,1540734,1516662,1505798,1641327,1416069,1377464,1136195,1336923,1324522,1354302,1587260,1228272,1580619,1473228,832694,1379119,1032762,1153091},
		{1162298,1585138,1423991,1562243,1054842,1128477,1027850,1300511,1511945,1248340,1572420,1343804,1471634,1292745,1318460,1263837,1121294,1515732,1039010,1179304,1055612,841029,1355179,1029532,1246623},
		{1704714,2265308,1652266,1853389,1365950,1479100,1635187,1786534,1873963,1413634,1802724,1767349,1737078,1653883,1649085,1538806,1399711,1798019,1497970,1678115,1483942,1131895,1554658,1166325,1296500},
		{1472059,2034794,1714285,1726372,1344120,1410558,1576298,1703940,1732231,1407464,1542975,1489623,1371832,1719058,1615594,1452948,1512654,1893282,1249097,1626513,1225257,1046112,1290758,1141172,1336046},
		{1465184,2065586,1892804,1901965,1417677,1474275,1747817,1866139,1816803,1612922,1837290,1720086,1746228,1552377,1724681,1526925,1615361,1898339,1355166,1700525,1349611,1084203,1381262,1323159,1588589},
		{1465570,1912114,1413493,1477947,1159408,1164440,1446322,1543580,1601505,1363657,1509561,1484688,1385645,1310222,1418758,1221015,1462210,1495871,1268018,1431911,1310939,974563,1260734,1182924,1124015},
		{1324103,1690719,1618601,1648191,1234151,1209445,1385987,1615601,1550707,1283622,1537068,1535985,1318509,1566725,1394709,1290193,1380563,1636714,1148870,1234490,1165597,944118,1348323,1095407,1288068},
		{1702086,2144125,1796680,1771417,1392278,1544155,1385844,1773176,1967648,1755041,1775481,1783077,1665073,1641063,1693592,1649278,1539620,1858150,1300073,1735994,1392148,1021403,1535217,1133055,1368258},
		{1795075,2249430,1772603,1950497,1400899,1682409,1733846,1962035,2126622,1662957,1942361,1850918,1678555,1817074,1814265,1428121,1802432,2097115,1562745,1880982,1447573,1039167,1737919,1465724,1528502},
		{1528509,2152074,1834676,1917673,1467249,1420704,1555847,1756344,1927305,1520043,1872542,1891243,1656279,1699788,1662543,1485990,1605793,1818348,1411832,1596319,1318963,1234380,1493080,1245224,1585014},
		{1711841,2298883,1744346,1512872,1418382,1671639,1633721,1725340,1953127,1374573,1698893,1687013,1479110,1652605,1610596,1502139,1569400,1870935,1477700,1903578,1462133,1090299,1504863,1200791,1247516}
	};
	int a_3[25][25] = {
		{189,199,215,397,181,185,420,231,443,291,429,144,494,378,348,97,365,119,306,74,204,293,452,407,35},
		{498,207,392,13,153,33,208,303,76,247,182,280,367,54,153,497,448,407,128,291,493,351,170,410,456},
		{441,174,153,92,17,11,97,465,156,389,52,3,245,83,248,89,241,445,272,371,175,487,205,53,147},
		{351,218,342,227,315,190,490,349,231,459,266,406,283,432,353,26,450,119,50,214,149,169,250,418,128},
		{326,360,271,157,29,253,5,137,479,7,153,347,364,217,354,252,54,84,114,283,469,466,494,305,48},
		{239,309,461,424,283,369,192,71,120,141,191,226,467,350,434,274,454,296,409,432,57,405,294,420,304},
		{104,405,282,386,371,27,303,439,198,89,119,482,283,452,119,406,311,497,260,195,228,341,288,79,64},
		{145,107,276,346,346,285,464,352,377,10,458,304,131,427,381,322,54,97,340,140,126,168,340,155,132},
		{309,485,469,470,136,54,290,376,267,162,414,79,180,69,118,479,277,449,191,290,270,433,285,102,51},
		{280,403,244,333,189,442,354,189,417,231,495,238,172,16,19,487,386,300,179,183,211,101,176,221,420},
		{202,117,451,300,347,239,269,356,132,129,287,389,434,428,104,223,146,47,322,416,227,312,175,34,391},
		{201,147,435,484,447,422,429,222,320,43,259,174,155,355,477,205,220,492,402,363,474,251,431,96,389},
		{396,75,115,399,275,440,197,122,7,238,121,331,351,292,174,372,28,295,12,499,150,273,108,418,114},
		{29,412,90,149,451,443,316,87,120,312,152,179,197,437,168,249,280,136,114,225,425,185,498,285,247},
		{468,104,78,162,455,153,195,355,390,461,22,488,473,206,110,22,373,127,143,92,388,406,17,270,395},
		{420,222,62,174,464,316,230,141,120,48,224,56,67,306,218,90,126,52,81,32,370,84,274,50,272},
		{279,13,252,114,286,464,163,78,379,98,360,112,426,65,4,353,111,235,394,288,319,108,145,94,222},
		{469,51,304,61,212,139,500,233,468,122,453,249,200,480,406,320,73,496,268,482,221,206,368,328,458},
		{430,30,439,208,307,329,364,302,451,459,407,239,243,205,231,288,123,5,405,490,92,80,492,17,25},
		{396,180,271,24,384,280,404,357,313,153,173,93,236,189,474,88,495,396,488,316,88,409,6,337,165},
		{437,41,76,423,213,315,194,87,171,232,487,319,117,137,5,171,31,477,228,471,315,207,60,460,155},
		{357,149,200,151,444,199,183,175,76,478,89,273,141,219,481,77,370,27,112,64,1,459,244,410,122},
		{33,275,380,196,42,487,429,482,278,122,130,115,317,331,456,402,299,486,229,293,100,207,174,442,96},
		{290,292,468,380,176,343,391,469,275,38,495,68,44,232,401,369,306,465,475,299,32,477,422,288,441},
		{202,53,132,276,113,442,259,390,309,300,278,289,97,36,493,453,323,171,489,11,251,289,488,339,143}
	};
	int b_3[25][25] = {
		{207,169,136,290,114,318,177,210,440,277,312,42,499,125,28,97,132,412,480,384,362,187,147,182,295},
		{282,311,162,101,477,384,296,175,202,162,472,439,359,113,70,357,403,199,284,439,51,274,452,139,362},
		{64,203,293,223,163,365,496,53,38,249,441,96,449,224,56,132,303,393,397,221,42,214,173,193,362},
		{469,392,353,413,491,105,306,149,411,308,433,185,94,325,382,378,282,30,398,450,27,77,89,84,320},
		{374,27,315,159,418,377,58,445,416,253,69,216,164,102,294,323,183,336,480,258,83,8,155,377,448},
		{445,267,413,215,329,274,377,256,387,351,396,257,494,354,253,207,357,305,494,421,136,284,141,64,268},
		{64,382,490,22,88,390,430,476,65,444,93,481,183,356,70,378,214,7,19,163,338,62,185,383,222},
		{440,365,464,350,163,187,161,401,139,76,357,68,411,184,448,457,470,133,308,361,471,201,458,2,71},
		{184,115,193,321,376,179,407,253,427,182,267,260,128,19,332,61,84,400,181,349,457,397,264,500,40},
		{231,370,472,287,379,149,5,8,45,344,88,23,176,173,60,89,203,116,392,347,176,50,451,5,223},
		{356,293,195,285,500,380,301,273,237,13,230,224,162,51,474,61,460,332,91,193,165,364,233,136,184},
		{132,229,280,43,415,87,256,26,496,1,158,1,392,258,487,145,412,43,485,394,477,151,194,313,316},
		{180,410,414,405,296,297,267,47,16,335,52,221,225,396,54,258,325,76,16,89,474,342,452,324,140},
		{470,497,6,483,88,196,271,85,249,387,122,221,495,248,491,76,222,347,330,464,97,469,38,343,140},
		{377,265,156,446,312,201,61,210,422,171,262,200,321,88,73,150,225,479,438,235,348,456,96,170,213},
		{443,194,264,49,317,43,289,126,309,382,466,333,445,268,166,201,54,386,65,64,115,133,230,61,259},
		{52,408,71,271,388,65,283,357,486,347,80,497,348,475,351,289,485,339,147,87,435,85,133,101,20},
		{477,492,248,350,242,366,278,101,8,158,43,1,76,348,61,420,233,367,111,221,302,239,417,443,480},
		{193,308,53,40,19,500,19,19,104,168,158,73,452,286,370,440,367,65,93,313,452,353,140,189,36},
		{253,368,325,184,295,208,320,32,184,139,285,490,491,348,228,191,311,177,394,38,6,392,299,224,83},
		{384,417,423,358,233,100,413,93,290,458,318,194,422,442,313,65,404,353,121,151,349,405,450,431,171},
		{219,380,33,462,353,44,116,385,321,314,38,380,444,367,160,129,146,170,389,468,8,79,69,251,249},
		{281,49,50,156,425,215,47,241,157,471,346,300,290,419,324,262,10,22,439,63,404,120,237,243,228},
		{459,177,407,70,242,121,385,27,269,64,310,291,355,298,170,318,324,248,283,144,45,474,30,133,125},
		{394,463,440,349,252,467,118,435,328,492,437,90,445,99,494,10,37,224,386,24,106,339,433,403,15}
	};
	int c_3[25][25] = {
		{1958586,2046616,1736293,1828277,2075944,1607466,1716039,1358866,1724125,1818700,1577999,1654704,2097509,1802945,1716739,1560251,1863764,1538136,1832760,1777495,1797123,1740329,1506993,1562990,1345227},
		{1950836,2128580,1907758,1702205,1902101,1568901,1731039,1299494,1706296,1848455,1720013,1485007,2425296,1843432,1517966,1421283,1797850,1749649,1832056,1453852,1656968,1648214,1796825,1576721,1414959},
		{1453719,1691515,1276524,1493324,1382676,1205149,1057877,993186,1128729,1313378,1138099,1055306,1746964,1350202,1056940,1182479,1325105,1199790,1478386,1335536,1332774,1198304,1393532,1100048,1034083},
		{1895890,2064110,1892799,1748153,2009373,1586865,1723319,1385134,1797869,1756056,1563905,1563006,2231012,1730085,1669273,1496765,1925531,1601310,2094168,1806621,1708743,1623101,1534928,1511173,1439776},
		{1762987,1661298,1420021,1599023,1865270,1255928,1573700,1028065,1672449,1555303,1644693,1435491,2147128,1583874,1426332,1157739,1528981,1498932,1829611,1581080,1499563,1672144,1405638,1467710,1263703},
		{2223371,2331956,1886183,1951513,2247716,1856163,1870468,1388235,1970045,1998498,1883703,1827787,2620313,2063081,1787752,1746561,2040941,1813632,2270295,1879393,1629295,1925997,1606655,1661381,1615281},
		{2006613,2102849,1667731,1684591,1994348,1541305,1670572,1305415,1672089,1709529,1571233,1503968,2172697,1815829,1748226,1692645,1844429,1499036,1846058,1821186,1659064,1480758,1631243,1613358,1580870},
		{1920325,1768423,1599011,1540115,1813166,1573694,1576243,1355694,1677864,1584841,1608456,1414184,2032858,1483335,1762710,1412758,1634415,1484441,1793619,1676882,1547690,1575772,1292663,1466950,1325599},
		{1960262,2043174,1698365,1703742,2064529,1583585,1774947,1333780,1587621,1701280,1801918,1601129,2133054,1734875,1505670,1601407,1807704,1616261,1766231,1725807,1474410,1480722,1684569,1423177,1569868},
		{1979236,1987130,1898059,1536195,2115735,1679148,1821349,1423842,1799490,1764674,1851873,1572724,2132182,1632908,1701994,1457470,1790486,1640638,1772311,1617332,1538277,1561717,1695132,1467586,1418126},
		{1850981,2026919,1773297,1686657,1818774,1637081,1603112,1278214,1618424,1733210,1606889,1396277,2300045,1664581,1794450,1357236,1763653,1422979,1932230,1646809,1472180,1583265,1540625,1531639,1314196},
		{2438355,2402453,2071363,2082423,2253087,2035748,1977906,1647155,2041943,2199707,2013645,1746110,2576580,2069331,2036074,1778762,2016396,1953950,2316610,1954430,1847949,1978273,1801942,1996414,1745153},
		{1891646,1764362,1700515,1465354,1721798,1260048,1496693,971529,1552399,1497454,1447157,1302188,1996919,1589733,1306780,1271829,1498930,1356994,1843633,1503013,1129210,1413129,1269564,1245149,1366660},
		{1938671,1833985,1664425,1483952,1922970,1456100,1506062,1265601,1611149,1846011,1542221,1581887,2080402,1693210,1588464,1350523,1602189,1430266,1849401,1518188,1333614,1493261,1486303,1456284,1348276},
		{1750877,1951475,1838658,1744320,1856219,1422177,1446447,1335490,1815401,1705033,1337287,1244909,2102140,1585318,1620897,1277657,1692268,1463960,1931487,1721583,1720169,1448497,1618266,1591938,1262167},
		{1446947,1269977,1169529,1195065,1317718,1190532,1051327,1094541,1340627,1348231,1188145,1002630,1536144,1060470,1199316,910619,1119180,1197204,1437911,1195843,1049815,1089478,1027684,1116493,1022439},
		{1573924,1545700,1505777,1293687,1530562,1428014,1422529,1000219,1340517,1447068,1351289,1154888,1792901,1385625,1339408,1114104,1403935,1357188,1372779,1237755,1345096,1399073,1341065,1323532,1091273},
		{2278493,2270883,1952151,1932230,2026256,1971666,1907348,1512586,1871734,1953779,1848048,1645405,2525557,1803311,1890138,1521698,1797429,1949582,2109666,1752912,1846683,2075008,1762547,1979464,1528729},
		{1780400,1777502,1755100,1560137,1924767,1676870,1581254,1250811,1622220,1722825,1682091,1452521,2203224,1601211,1638774,1390815,1684800,1521876,2009814,1676398,1709313,1552727,1540684,1417846,1358908},
		{1861781,2046890,1682210,1711712,1777327,1733896,1590625,1462529,1735629,1629021,1438826,1565469,2269177,1687744,1499363,1619477,1863812,1741895,1873619,1724436,1713809,1685937,1459990,1548486,1347615},
		{1887100,1792396,1676407,1432174,1737027,1403472,1551001,976703,1531608,1343196,1425569,1190275,1862841,1511766,1472691,1267115,1615257,1387138,1688846,1505068,1219997,1500148,1336714,1348274,1321414},
